# oST version 5.0 parameters


[image]

width
1280

height
720

[narrow_stereo]

camera matrix
1135.012647 0.000000 652.393716
0.000000 1150.326704 359.704878
0.000000 0.000000 1.000000

distortion
0.243092 -0.572481 0.009261 -0.003340 0.000000

rectification
1.000000 0.000000 0.000000
0.000000 1.000000 0.000000
0.000000 0.000000 1.000000

projection
1158.860229 0.000000 649.040061 0.000000
0.000000 1181.123535 363.528100 0.000000
0.000000 0.000000 1.000000 0.000000
