# oST version 5.0 parameters


[image]

width
1280

height
720

[narrow_stereo]

camera matrix
934.225812 0.000000 664.556729
0.000000 934.770207 369.797392
0.000000 0.000000 1.000000

distortion
0.127114 -0.242651 0.002968 0.004966 0.000000

rectification
1.000000 0.000000 0.000000
0.000000 1.000000 0.000000
0.000000 0.000000 1.000000

projection
937.708496 0.000000 673.650400 0.000000
0.000000 951.828247 370.807898 0.000000
0.000000 0.000000 1.000000 0.000000
