# oST version 5.0 parameters


[image]

width
1280

height
720

[narrow_stereo]

camera matrix
1085.923815 0.000000 652.831439
0.000000 1090.598407 318.440777
0.000000 0.000000 1.000000

distortion
0.157661 -0.331885 -0.002856 0.008568 0.000000

rectification
1.000000 0.000000 0.000000
0.000000 1.000000 0.000000
0.000000 0.000000 1.000000

projection
1100.408081 0.000000 662.800042 0.000000
0.000000 1115.566040 316.258768 0.000000
0.000000 0.000000 1.000000 0.000000
